\xd2\x83\x90%\x90\x16I\x05\x90\x1a%RZ\x82\x90 \xb0\xa4\x16I\x05\xd0JR\x0b\x82\x94 xR\x83\x90%\x90\x16I\r\x90\x16I\x05\x90Z\x02\x05\xd0J\x02\x05\xd0J\x02\x05\xd0JR\x0b\x82\x94 x\xd2\x83\x90%\x90\x16I\x05\x90\x1a%RZ\x82\x90 \xb0\xa4\x16I\x05\xd0JR\x0b\x82\x94 xR\x83\x90%\x90\x16I\r\x90\x16I\x05\x90Z\x02\x05I\x05\x90Z\x02\x05\xd0J\x02\x05\xd0J\x02\x05\xd0JR\x0b\x82\x94 x\xd2\x83\x90%\x90\x16I\x05\x90\x1a%RZ\x82\x90 \xb0\xa4\x16I\x05\xd0JR\x0b\x82\x94 xR\x83\x90%\x90\x16I\r\x90\x16I\x05\x90Z\x02\x05\xd0J\x02\x05\xd0J\x02\x05\xd0JR\x0b\x82\x94 x\xd2\x83\x90%\x90\x16I\x05\x90\x1a%RZ\x82\x90 \xb0\xa4\x16I\x05\xd0JR\x0b\x82\x94 xR\x83\x90%\x90\x16I\r\x90\x16I\x05\x90Z\x02\x05(10,25
10,25
10,25
10,25
10,25
10,25
10,25
10,25
10,25
10,25
10,25
10,25
10,25
10,25
10,25
10,25
10,25
10,25
10,25
10,25
10,25
10,25
10,25
10,25
10,25
10,25
10,25
10,25
10,25
10,25
10,25
10,25
10,25
10,25
10,25
10,25
10,25
10,25
10,25
10,25
10,25
10,25
